7 124.5 5.7 122.5 5.4 123.4 5.4 121.8 5.4
8 129.4 5.6 128.1 5.5 128.4 5.5 127.6 5.7
9 134.6 6.0 133.4 5.4 134.3 6.2 133.5 6.3
10 139.3 6.6 138.9 5.9 140.0 6.9 140.2 6.6
11 145.1 7.2 144.9 6.7 146.7 7.0 146.7 6.7
12 151.2 8.1 152.0 7.8 152.5 6.6 151.9 6.2
13 160.0 8.0 159.6 7.6 156.3 6.0 155.1 5.4
14 165.1 7.0 165.1 6.8 157.7 5.5 156.7 5.2
15 168.3 6.3 168.5 6.2 158.9 5.6 157.4 5.0
16 170.1 6.3 170.0 5.9 159.3 5.4 157.9 5.3
17 171.0 6.0 170.8 6.0 159.3 5.4 158.1 5.0
18 170.8 5.8 171.1 5.9 159.1 5.3 158.2 5.1
